1.564240306615829468e-01 1.964919567108154297e-01 0.000000000000000000e+00
1.968505233526229858e-01 2.247694879770278931e-01 0.000000000000000000e+00
2.433440089225769043e-01 2.704880237579345703e-01 0.000000000000000000e+00
1.558257490396499634e-01 2.310980260372161865e-01 0.000000000000000000e+00
3.267047107219696045e-01 2.551341354846954346e-01 0.000000000000000000e+00
2.215452939271926880e-01 2.965461313724517822e-01 0.000000000000000000e+00
1.980193108320236206e-01 1.798084825277328491e-01 0.000000000000000000e+00
2.504256963729858398e-01 2.287123054265975952e-01 0.000000000000000000e+00
2.406960427761077881e-01 2.390258461236953735e-01 0.000000000000000000e+00
2.315963208675384521e-01 2.716303467750549316e-01 0.000000000000000000e+00
2.804310321807861328e-01 1.059120655059814453e+00 1.000000000000000000e+00
2.745735347270965576e-01 1.016647815704345703e+00 1.000000000000000000e+00
2.070606648921966553e-01 1.030050158500671387e+00 1.000000000000000000e+00
2.307021915912628174e-01 1.006167769432067871e+00 1.000000000000000000e+00
3.373980522155761719e-01 9.824150204658508301e-01 1.000000000000000000e+00
2.834225893020629883e-01 1.003344655036926270e+00 1.000000000000000000e+00
3.157373368740081787e-01 9.721630215644836426e-01 1.000000000000000000e+00
2.996310889720916748e-01 9.555370211601257324e-01 1.000000000000000000e+00
1.996503025293350220e-01 1.059892177581787109e+00 1.000000000000000000e+00
1.695723980665206909e-01 1.006032466888427734e+00 1.000000000000000000e+00
5.070277452468872070e-01 1.467835158109664917e-01 2.000000000000000000e+00
5.072614550590515137e-01 2.080107033252716064e-01 2.000000000000000000e+00
4.973885715007781982e-01 1.851758956909179688e-01 2.000000000000000000e+00
5.487889647483825684e-01 3.141284584999084473e-01 2.000000000000000000e+00
5.012614727020263672e-01 1.298459023237228394e-01 2.000000000000000000e+00
5.882217884063720703e-01 2.275840640068054199e-01 2.000000000000000000e+00
4.627446830272674561e-01 1.713325530290603638e-01 2.000000000000000000e+00
5.363631248474121094e-01 2.267812192440032959e-01 2.000000000000000000e+00
5.786405205726623535e-01 1.899750530719757080e-01 2.000000000000000000e+00
5.292113423347473145e-01 1.704529225826263428e-01 2.000000000000000000e+00
3.152443170547485352e-01 9.994474649429321289e-01 1.000000000000000000e+00
2.046346515417098999e-01 9.392455816268920898e-01 1.000000000000000000e+00
2.170957624912261963e-01 1.030219316482543945e+00 1.000000000000000000e+00
3.095047771930694580e-01 9.357613325119018555e-01 1.000000000000000000e+00
3.007765710353851318e-01 9.137601852416992188e-01 1.000000000000000000e+00
2.402203828096389771e-01 9.612640142440795898e-01 1.000000000000000000e+00
2.086036801338195801e-01 8.608967661857604980e-01 1.000000000000000000e+00
2.014849483966827393e-01 8.990682959556579590e-01 1.000000000000000000e+00
2.993176579475402832e-01 9.469097256660461426e-01 1.000000000000000000e+00
2.636940479278564453e-01 1.019196629524230957e+00 1.000000000000000000e+00
2.044157832860946655e-01 2.523137032985687256e-01 0.000000000000000000e+00
2.568921446800231934e-01 1.737816482782363892e-01 0.000000000000000000e+00
2.688073813915252686e-01 2.762980461120605469e-01 0.000000000000000000e+00
2.841598689556121826e-01 1.416514366865158081e-01 0.000000000000000000e+00
1.419681310653686523e-01 2.402164936065673828e-01 0.000000000000000000e+00
1.566599905490875244e-01 1.886617690324783325e-01 0.000000000000000000e+00
1.940435618162155151e-01 2.887069582939147949e-01 0.000000000000000000e+00
1.797081679105758667e-01 2.236054986715316772e-01 0.000000000000000000e+00
1.578484773635864258e-01 2.870112359523773193e-01 0.000000000000000000e+00
1.416936963796615601e-01 2.454008013010025024e-01 0.000000000000000000e+00
2.774165570735931396e-01 1.061325892806053162e-01 4.000000000000000000e+00
2.130822837352752686e-01 1.667657792568206787e-01 4.000000000000000000e+00
2.133448570966720581e-01 1.712181568145751953e-01 4.000000000000000000e+00
2.778288125991821289e-01 2.228705883026123047e-01 4.000000000000000000e+00
2.545588910579681396e-01 9.514298290014266968e-02 4.000000000000000000e+00
2.232285439968109131e-01 1.908488720655441284e-01 4.000000000000000000e+00
2.246406525373458862e-01 7.696692645549774170e-02 4.000000000000000000e+00
3.683467805385589600e-01 1.757720857858657837e-01 4.000000000000000000e+00
2.407412081956863403e-01 2.156887054443359375e-01 4.000000000000000000e+00
3.571796119213104248e-01 1.873450577259063721e-01 4.000000000000000000e+00
1.603043526411056519e-01 2.698028981685638428e-01 0.000000000000000000e+00
2.299681007862091064e-01 1.852177083492279053e-01 0.000000000000000000e+00
2.617632746696472168e-01 1.394362449645996094e-01 0.000000000000000000e+00
1.460048407316207886e-01 2.588703632354736328e-01 0.000000000000000000e+00
1.824094206094741821e-01 2.504206895828247070e-01 0.000000000000000000e+00
2.399215847253799438e-01 2.712298333644866943e-01 0.000000000000000000e+00
1.942104548215866089e-01 2.649294734001159668e-01 0.000000000000000000e+00
2.166938930749893188e-01 2.533359527587890625e-01 0.000000000000000000e+00
1.906984299421310425e-01 2.375551164150238037e-01 0.000000000000000000e+00
1.617920249700546265e-01 2.632579505443572998e-01 0.000000000000000000e+00
1.073322534561157227e+00 1.262835562229156494e-01 3.000000000000000000e+00
9.222031831741333008e-01 1.307893991470336914e-01 3.000000000000000000e+00
9.412163496017456055e-01 2.326993942260742188e-01 3.000000000000000000e+00
9.436675310134887695e-01 2.109770327806472778e-01 3.000000000000000000e+00
1.064808368682861328e+00 1.047581210732460022e-01 3.000000000000000000e+00
1.085506796836853027e+00 1.787139624357223511e-01 3.000000000000000000e+00
1.076605558395385742e+00 1.490106582641601562e-01 3.000000000000000000e+00
1.020611405372619629e+00 2.080350071191787720e-01 3.000000000000000000e+00
1.091215491294860840e+00 1.485250145196914673e-01 3.000000000000000000e+00
1.005941152572631836e+00 8.080518245697021484e-02 3.000000000000000000e+00
2.277572304010391235e-01 1.469061225652694702e-01 0.000000000000000000e+00
3.071559667587280273e-01 2.447204738855361938e-01 0.000000000000000000e+00
2.815537750720977783e-01 1.955285072326660156e-01 0.000000000000000000e+00
1.700826585292816162e-01 3.032608926296234131e-01 0.000000000000000000e+00
2.410414069890975952e-01 2.957773506641387939e-01 0.000000000000000000e+00
2.209485918283462524e-01 1.529187411069869995e-01 0.000000000000000000e+00
1.942316591739654541e-01 2.388606667518615723e-01 0.000000000000000000e+00
1.816982477903366089e-01 2.829498052597045898e-01 0.000000000000000000e+00
1.527314633131027222e-01 2.650223970413208008e-01 0.000000000000000000e+00
2.659148573875427246e-01 2.361912280321121216e-01 0.000000000000000000e+00
